pbID, produktID, lagID, menge

301, 101010, A, 500
302, 101011, A, 500
303, 101020, A, 600
304, 101021, A, 600
305, 101030, A, 800
306, 101031, A, 800
307, 101040, A, 300
308, 101041, A, 300
309, 101050, A, 400
310, 101051, A, 400
311, 101060, A, 200
312, 101070, A, 500
313, 101080, A, 600
314, 101090, A, 300
315, 101091, A, 300
316, 101100, A, 900
317, 101110, A, 700
318, 101120, A, 700
319, 101130, A, 500
320, 101140, A, 500
321, 102010, B, 500
322, 102020, B, 500
323, 102021, B, 600
324, 102030, B, 700
325, 102040, B, 800
326, 102050, B, 300
327, 102060, B, 800
328, 102070, B, 300
329, 102080, B, 500
330, 102081, B, 400
331, 102082, B, 700
332, 102090, B, 400
333, 102100, B, 400
334, 102110, B, 900
335, 102120, B, 900
336, 102130, B, 100
337, 103010, C, 600
338, 103011, C, 800
339, 103020, C, 400
340, 103030, C, 300
341, 103040, C, 400
342, 104010, D, 300
343, 104011, D, 500
344, 104020, D, 600
345, 104021, D, 800
346, 104030, D, 900
347, 104040, D, 800
348, 104050, D, 700
349, 104060, D, 600
350, 104070, D, 500
351, 105010, E, 800
352, 105020, E, 600
352, 105030, E, 400
353, 105040, E, 500
354, 105050, E, 600
355, 105060, E, 500
356, 106010, F, 700
357, 106020, F, 500
358, 106030, F, 400
359, 106040, F, 300
360, 106050, F, 500
